  -1.000000E+30   -1.000000E+30   -1.000000E+30   -1.000000E+30   -1.000000E+30   -1.000000E+30   -1.000000E+30   -1.000000E+30   -1.000000E+30   -1.000000E+30   -1.000000E+30   -1.000000E+30   -1.000000E+30   -1.000000E+30   -1.000000E+30   -1.000000E+30   -1.000000E+30   -1.000000E+30   -1.000000E+30   -1.000000E+30   -1.000000E+30   -1.000000E+30   -1.000000E+30   -1.000000E+30   -1.000000E+30   -1.000000E+30   -1.000000E+30   -1.000000E+30   -1.000000E+30   -1.000000E+30   -1.000000E+30   -1.000000E+30   -1.000000E+30   -1.000000E+30   -1.000000E+30   -1.000000E+30   -1.000000E+30   -1.000000E+30   -1.000000E+30   -1.000000E+30   -1.000000E+30   -1.000000E+30   -1.000000E+30   -1.000000E+30   -1.000000E+30   -1.000000E+30   -1.000000E+30   -1.000000E+30   -1.000000E+30   -1.000000E+30   -1.000000E+30   -1.000000E+30   -1.000000E+30   -1.000000E+30   -1.000000E+30   -1.000000E+30   -1.000000E+30   -1.000000E+30   -1.000000E+30   -1.000000E+30   -1.000000E+30   -1.000000E+30   -1.000000E+30   -1.000000E+30   -1.000000E+30   -1.000000E+30   -1.000000E+30   -1.000000E+30   -1.000000E+30   -1.000000E+30   -1.000000E+30   -1.000000E+30   -1.000000E+30   -1.000000E+30   -1.000000E+30   -1.000000E+30   -1.000000E+30   -1.000000E+30   -1.000000E+30   -1.000000E+30
  -1.000000E+30   -1.000000E+30   -1.000000E+30   -1.000000E+30   -1.000000E+30   -1.000000E+30   -1.000000E+30   -1.000000E+30   -1.000000E+30   -1.000000E+30   -1.000000E+30   -1.000000E+30   -1.000000E+30   -1.000000E+30   -1.000000E+30   -1.000000E+30   -1.000000E+30   -1.000000E+30   -1.000000E+30   -1.000000E+30   -1.000000E+30   -1.000000E+30   -1.000000E+30   -1.000000E+30   -1.000000E+30   -1.000000E+30   -1.000000E+30   -1.000000E+30   -1.000000E+30   -1.000000E+30   -1.000000E+30   -1.000000E+30   -1.000000E+30   -1.000000E+30   -1.000000E+30   -1.000000E+30   -1.000000E+30   -1.000000E+30   -1.000000E+30   -1.000000E+30   -1.000000E+30   -1.000000E+30   -1.000000E+30   -1.000000E+30   -1.000000E+30   -1.000000E+30   -1.000000E+30   -1.000000E+30   -1.000000E+30   -1.000000E+30   -1.000000E+30   -1.000000E+30   -1.000000E+30   -1.000000E+30   -1.000000E+30   -1.000000E+30   -1.000000E+30   -1.000000E+30   -1.000000E+30   -1.000000E+30   -1.000000E+30   -1.000000E+30   -1.000000E+30   -1.000000E+30   -1.000000E+30   -1.000000E+30   -1.000000E+30   -1.000000E+30   -1.000000E+30   -1.000000E+30   -1.000000E+30   -1.000000E+30   -1.000000E+30   -1.000000E+30   -1.000000E+30   -1.000000E+30   -1.000000E+30   -1.000000E+30   -1.000000E+30   -1.000000E+30
  -1.000000E+30   -1.000000E+30   -1.000000E+30   -1.000000E+30   -1.000000E+30   -1.000000E+30   -1.000000E+30   -1.000000E+30   -1.000000E+30   -1.000000E+30   -1.000000E+30   -1.000000E+30   -1.000000E+30   -1.000000E+30   -1.000000E+30   -1.000000E+30   -1.000000E+30   -1.000000E+30   -1.000000E+30   -1.000000E+30   -1.000000E+30   -1.000000E+30   -1.000000E+30   -1.000000E+30   -1.000000E+30   -1.000000E+30   -1.000000E+30   -1.000000E+30   -1.000000E+30   -1.000000E+30   -1.000000E+30   -1.000000E+30   -1.000000E+30   -1.000000E+30   -1.000000E+30   -1.000000E+30   -1.000000E+30   -1.000000E+30   -1.000000E+30   -1.000000E+30   -1.000000E+30   -1.000000E+30   -1.000000E+30   -1.000000E+30   -1.000000E+30   -1.000000E+30   -1.000000E+30   -1.000000E+30   -1.000000E+30   -1.000000E+30   -1.000000E+30   -1.000000E+30   -1.000000E+30   -1.000000E+30   -1.000000E+30   -1.000000E+30   -1.000000E+30   -1.000000E+30   -1.000000E+30   -1.000000E+30   -1.000000E+30   -1.000000E+30   -1.000000E+30   -1.000000E+30   -1.000000E+30   -1.000000E+30   -1.000000E+30   -1.000000E+30   -1.000000E+30   -1.000000E+30   -1.000000E+30   -1.000000E+30   -1.000000E+30   -1.000000E+30   -1.000000E+30   -1.000000E+30   -1.000000E+30   -1.000000E+30   -1.000000E+30   -1.000000E+30
  -1.000000E+30   -1.000000E+30   -1.000000E+30   -1.000000E+30   -1.000000E+30   -1.000000E+30   -1.000000E+30   -1.000000E+30   -1.000000E+30   -1.000000E+30   -1.000000E+30   -1.000000E+30   -1.000000E+30   -1.000000E+30   -1.000000E+30   -1.000000E+30   -1.000000E+30   -1.000000E+30   -1.000000E+30   -1.000000E+30   -1.000000E+30   -1.000000E+30   -1.000000E+30   -1.000000E+30   -1.000000E+30   -1.000000E+30   -1.000000E+30   -1.000000E+30   -1.000000E+30   -1.000000E+30   -1.000000E+30   -1.000000E+30   -1.000000E+30   -1.000000E+30   -1.000000E+30   -1.000000E+30   -1.000000E+30   -1.000000E+30   -1.000000E+30   -1.000000E+30   -1.000000E+30   -1.000000E+30   -1.000000E+30   -1.000000E+30   -1.000000E+30   -1.000000E+30   -1.000000E+30   -1.000000E+30   -1.000000E+30   -1.000000E+30   -1.000000E+30   -1.000000E+30   -1.000000E+30   -1.000000E+30   -1.000000E+30   -1.000000E+30   -1.000000E+30   -1.000000E+30   -1.000000E+30   -1.000000E+30   -1.000000E+30   -1.000000E+30   -1.000000E+30   -1.000000E+30   -1.000000E+30   -1.000000E+30   -1.000000E+30   -1.000000E+30   -1.000000E+30   -1.000000E+30   -1.000000E+30   -1.000000E+30   -1.000000E+30   -1.000000E+30   -1.000000E+30   -1.000000E+30   -1.000000E+30   -1.000000E+30   -1.000000E+30   -1.000000E+30
  -1.000000E+30   -1.000000E+30   -1.000000E+30   -1.000000E+30   -1.000000E+30   -1.000000E+30   -1.000000E+30   -1.000000E+30   -1.000000E+30   -1.000000E+30   -1.000000E+30   -1.000000E+30   -1.000000E+30   -1.000000E+30   -1.000000E+30   -1.000000E+30   -1.000000E+30   -1.000000E+30   -1.000000E+30   -1.000000E+30   -1.000000E+30   -1.000000E+30   -1.000000E+30   -1.000000E+30   -1.000000E+30   -1.000000E+30   -1.000000E+30   -1.000000E+30   -1.000000E+30   -1.000000E+30   -1.000000E+30   -1.000000E+30   -1.000000E+30   -1.000000E+30   -1.000000E+30   -1.000000E+30   -1.000000E+30   -1.000000E+30   -1.000000E+30   -1.000000E+30   -1.000000E+30   -1.000000E+30   -1.000000E+30   -1.000000E+30   -1.000000E+30   -1.000000E+30   -1.000000E+30   -1.000000E+30   -1.000000E+30   -1.000000E+30   -1.000000E+30   -1.000000E+30   -1.000000E+30   -1.000000E+30   -1.000000E+30   -1.000000E+30   -1.000000E+30   -1.000000E+30   -1.000000E+30   -1.000000E+30   -1.000000E+30   -1.000000E+30   -1.000000E+30   -1.000000E+30   -1.000000E+30   -1.000000E+30   -1.000000E+30   -1.000000E+30   -1.000000E+30   -1.000000E+30   -1.000000E+30   -1.000000E+30   -1.000000E+30   -1.000000E+30   -1.000000E+30   -1.000000E+30   -1.000000E+30   -1.000000E+30   -1.000000E+30   -1.000000E+30
  -1.000000E+30   -1.000000E+30   -1.000000E+30   -1.000000E+30   -1.000000E+30   -1.000000E+30   -1.000000E+30   -1.000000E+30   -1.000000E+30   -1.000000E+30   -1.000000E+30   -1.000000E+30   -1.000000E+30   -1.000000E+30   -1.000000E+30   -1.000000E+30   -1.000000E+30   -1.000000E+30   -1.000000E+30   -1.000000E+30   -1.000000E+30   -1.000000E+30   -1.000000E+30   -1.000000E+30   -1.000000E+30   -1.000000E+30   -1.000000E+30   -1.000000E+30   -1.000000E+30   -1.000000E+30   -1.000000E+30   -1.000000E+30   -1.000000E+30   -1.000000E+30   -1.000000E+30   -1.000000E+30   -1.000000E+30   -1.000000E+30   -1.000000E+30   -1.000000E+30   -1.000000E+30   -1.000000E+30   -1.000000E+30   -1.000000E+30   -1.000000E+30   -1.000000E+30   -1.000000E+30   -1.000000E+30   -1.000000E+30   -1.000000E+30   -1.000000E+30   -1.000000E+30   -1.000000E+30   -1.000000E+30   -1.000000E+30   -1.000000E+30   -1.000000E+30   -1.000000E+30   -1.000000E+30   -1.000000E+30   -1.000000E+30   -1.000000E+30   -1.000000E+30   -1.000000E+30   -1.000000E+30   -1.000000E+30   -1.000000E+30   -1.000000E+30   -1.000000E+30   -1.000000E+30   -1.000000E+30   -1.000000E+30   -1.000000E+30   -1.000000E+30   -1.000000E+30   -1.000000E+30   -1.000000E+30   -1.000000E+30   -1.000000E+30   -1.000000E+30
  -1.000000E+30   -1.000000E+30   -1.000000E+30   -1.000000E+30   -1.000000E+30   -1.000000E+30   -1.000000E+30   -1.000000E+30   -1.000000E+30   -1.000000E+30   -1.000000E+30   -1.000000E+30   -1.000000E+30   -1.000000E+30   -1.000000E+30   -1.000000E+30   -1.000000E+30   -1.000000E+30   -1.000000E+30   -1.000000E+30   -1.000000E+30   -1.000000E+30   -1.000000E+30   -1.000000E+30   -1.000000E+30   -1.000000E+30   -1.000000E+30   -1.000000E+30   -1.000000E+30   -1.000000E+30   -1.000000E+30   -1.000000E+30   -1.000000E+30   -1.000000E+30   -1.000000E+30   -1.000000E+30   -1.000000E+30   -1.000000E+30   -1.000000E+30   -1.000000E+30   -1.000000E+30   -1.000000E+30   -1.000000E+30   -1.000000E+30   -1.000000E+30   -1.000000E+30   -1.000000E+30   -1.000000E+30   -1.000000E+30   -1.000000E+30   -1.000000E+30   -1.000000E+30   -1.000000E+30   -1.000000E+30   -1.000000E+30   -1.000000E+30    6.584690E-01    6.584725E-01    6.584743E-01    7.396937E-01    7.397155E-01    7.396937E-01    7.396352E-01   -1.000000E+30   -1.000000E+30   -1.000000E+30   -1.000000E+30   -1.000000E+30   -1.000000E+30   -1.000000E+30   -1.000000E+30   -1.000000E+30   -1.000000E+30   -1.000000E+30   -1.000000E+30   -1.000000E+30   -1.000000E+30   -1.000000E+30   -1.000000E+30   -1.000000E+30
  -1.000000E+30   -1.000000E+30   -1.000000E+30   -1.000000E+30   -1.000000E+30   -1.000000E+30   -1.000000E+30   -1.000000E+30   -1.000000E+30   -1.000000E+30   -1.000000E+30   -1.000000E+30   -1.000000E+30   -1.000000E+30   -1.000000E+30   -1.000000E+30   -1.000000E+30   -1.000000E+30   -1.000000E+30   -1.000000E+30   -1.000000E+30   -1.000000E+30   -1.000000E+30   -1.000000E+30   -1.000000E+30   -1.000000E+30   -1.000000E+30   -1.000000E+30   -1.000000E+30   -1.000000E+30   -1.000000E+30   -1.000000E+30   -1.000000E+30   -1.000000E+30   -1.000000E+30   -1.000000E+30   -1.000000E+30   -1.000000E+30   -1.000000E+30   -1.000000E+30   -1.000000E+30   -1.000000E+30   -1.000000E+30   -1.000000E+30   -1.000000E+30   -1.000000E+30   -1.000000E+30   -1.000000E+30   -1.000000E+30   -1.000000E+30   -1.000000E+30   -1.000000E+30   -1.000000E+30    7.390014E-01    7.388628E-01    7.388277E-01    7.389087E-01    7.390750E-01    7.392647E-01    7.394108E-01    7.394652E-01    7.394108E-01    7.392647E-01    7.390750E-01    7.389087E-01   -1.000000E+30   -1.000000E+30   -1.000000E+30   -1.000000E+30   -1.000000E+30   -1.000000E+30   -1.000000E+30   -1.000000E+30   -1.000000E+30   -1.000000E+30   -1.000000E+30   -1.000000E+30   -1.000000E+30   -1.000000E+30   -1.000000E+30
  -1.000000E+30   -1.000000E+30   -1.000000E+30   -1.000000E+30   -1.000000E+30   -1.000000E+30   -1.000000E+30   -1.000000E+30   -1.000000E+30   -1.000000E+30   -1.000000E+30   -1.000000E+30   -1.000000E+30   -1.000000E+30   -1.000000E+30   -1.000000E+30   -1.000000E+30   -1.000000E+30   -1.000000E+30   -1.000000E+30   -1.000000E+30   -1.000000E+30   -1.000000E+30   -1.000000E+30   -1.000000E+30   -1.000000E+30   -1.000000E+30   -1.000000E+30   -1.000000E+30   -1.000000E+30   -1.000000E+30   -1.000000E+30   -1.000000E+30   -1.000000E+30   -1.000000E+30   -1.000000E+30   -1.000000E+30   -1.000000E+30   -1.000000E+30   -1.000000E+30   -1.000000E+30   -1.000000E+30   -1.000000E+30   -1.000000E+30   -1.000000E+30   -1.000000E+30   -1.000000E+30   -1.000000E+30   -1.000000E+30   -1.000000E+30   -1.000000E+30   -1.000000E+30   -1.000000E+30    7.378569E-01    7.375016E-01    7.374027E-01    7.376031E-01    7.380227E-01    7.384975E-01    7.388586E-01    7.389920E-01    7.388586E-01    7.384975E-01    7.380227E-01    7.376031E-01    7.374027E-01   -1.000000E+30   -1.000000E+30   -1.000000E+30   -1.000000E+30   -1.000000E+30   -1.000000E+30   -1.000000E+30   -1.000000E+30   -1.000000E+30   -1.000000E+30   -1.000000E+30   -1.000000E+30   -1.000000E+30   -1.000000E+30
  -1.000000E+30   -1.000000E+30   -1.000000E+30   -1.000000E+30   -1.000000E+30   -1.000000E+30   -1.000000E+30   -1.000000E+30   -1.000000E+30   -1.000000E+30   -1.000000E+30   -1.000000E+30   -1.000000E+30   -1.000000E+30   -1.000000E+30   -1.000000E+30   -1.000000E+30   -1.000000E+30   -1.000000E+30   -1.000000E+30   -1.000000E+30   -1.000000E+30   -1.000000E+30   -1.000000E+30   -1.000000E+30   -1.000000E+30   -1.000000E+30   -1.000000E+30   -1.000000E+30   -1.000000E+30   -1.000000E+30   -1.000000E+30   -1.000000E+30   -1.000000E+30   -1.000000E+30   -1.000000E+30   -1.000000E+30   -1.000000E+30   -1.000000E+30   -1.000000E+30   -1.000000E+30   -1.000000E+30   -1.000000E+30   -1.000000E+30   -1.000000E+30   -1.000000E+30   -1.000000E+30   -1.000000E+30   -1.000000E+30   -1.000000E+30   -1.000000E+30   -1.000000E+30   -1.000000E+30    7.353991E-01    7.344784E-01    7.341956E-01    7.346946E-01    7.357571E-01    7.369379E-01    7.378156E-01    7.381347E-01    7.378156E-01    7.369379E-01    7.357571E-01    7.346946E-01    7.341956E-01    7.344784E-01   -1.000000E+30   -1.000000E+30   -1.000000E+30   -1.000000E+30   -1.000000E+30   -1.000000E+30   -1.000000E+30   -1.000000E+30   -1.000000E+30   -1.000000E+30   -1.000000E+30   -1.000000E+30   -1.000000E+30
  -1.000000E+30   -1.000000E+30   -1.000000E+30   -1.000000E+30   -1.000000E+30   -1.000000E+30   -1.000000E+30   -1.000000E+30   -1.000000E+30   -1.000000E+30   -1.000000E+30   -1.000000E+30   -1.000000E+30   -1.000000E+30   -1.000000E+30   -1.000000E+30   -1.000000E+30   -1.000000E+30   -1.000000E+30   -1.000000E+30   -1.000000E+30   -1.000000E+30   -1.000000E+30   -1.000000E+30   -1.000000E+30   -1.000000E+30   -1.000000E+30   -1.000000E+30   -1.000000E+30   -1.000000E+30   -1.000000E+30   -1.000000E+30   -1.000000E+30   -1.000000E+30   -1.000000E+30   -1.000000E+30   -1.000000E+30   -1.000000E+30   -1.000000E+30   -1.000000E+30   -1.000000E+30   -1.000000E+30   -1.000000E+30   -1.000000E+30   -1.000000E+30   -1.000000E+30   -1.000000E+30   -1.000000E+30   -1.000000E+30   -1.000000E+30   -1.000000E+30   -1.000000E+30    7.331142E-01    7.302145E-01    7.278004E-01    7.269794E-01    7.282424E-01    7.309523E-01    7.338594E-01    7.359360E-01    7.366724E-01    7.359360E-01    7.338594E-01    7.309523E-01    7.282424E-01    7.269794E-01    7.278004E-01    7.302145E-01   -1.000000E+30   -1.000000E+30   -1.000000E+30   -1.000000E+30   -1.000000E+30   -1.000000E+30   -1.000000E+30   -1.000000E+30   -1.000000E+30   -1.000000E+30   -1.000000E+30   -1.000000E+30
  -1.000000E+30   -1.000000E+30   -1.000000E+30   -1.000000E+30   -1.000000E+30   -1.000000E+30   -1.000000E+30   -1.000000E+30   -1.000000E+30   -1.000000E+30   -1.000000E+30   -1.000000E+30   -1.000000E+30   -1.000000E+30   -1.000000E+30   -1.000000E+30   -1.000000E+30   -1.000000E+30   -1.000000E+30   -1.000000E+30   -1.000000E+30   -1.000000E+30   -1.000000E+30   -1.000000E+30   -1.000000E+30   -1.000000E+30   -1.000000E+30   -1.000000E+30   -1.000000E+30   -1.000000E+30   -1.000000E+30   -1.000000E+30   -1.000000E+30   -1.000000E+30   -1.000000E+30   -1.000000E+30   -1.000000E+30   -1.000000E+30   -1.000000E+30   -1.000000E+30   -1.000000E+30   -1.000000E+30   -1.000000E+30   -1.000000E+30   -1.000000E+30   -1.000000E+30   -1.000000E+30   -1.000000E+30   -1.000000E+30   -1.000000E+30   -1.000000E+30   -1.000000E+30    7.265923E-01    7.196011E-01    7.131875E-01    7.107529E-01    7.140501E-01    7.210398E-01    7.280720E-01    7.327798E-01    7.343852E-01    7.327798E-01    7.280720E-01    7.210398E-01    7.140501E-01    7.107529E-01    7.131875E-01    7.196011E-01    7.265923E-01   -1.000000E+30   -1.000000E+30   -1.000000E+30   -1.000000E+30   -1.000000E+30   -1.000000E+30   -1.000000E+30   -1.000000E+30   -1.000000E+30   -1.000000E+30   -1.000000E+30
  -1.000000E+30   -1.000000E+30   -1.000000E+30   -1.000000E+30   -1.000000E+30   -1.000000E+30   -1.000000E+30   -1.000000E+30   -1.000000E+30   -1.000000E+30   -1.000000E+30   -1.000000E+30   -1.000000E+30   -1.000000E+30   -1.000000E+30   -1.000000E+30   -1.000000E+30   -1.000000E+30   -1.000000E+30   -1.000000E+30   -1.000000E+30   -1.000000E+30   -1.000000E+30   -1.000000E+30   -1.000000E+30   -1.000000E+30   -1.000000E+30   -1.000000E+30   -1.000000E+30   -1.000000E+30   -1.000000E+30   -1.000000E+30   -1.000000E+30   -1.000000E+30   -1.000000E+30   -1.000000E+30   -1.000000E+30   -1.000000E+30   -1.000000E+30   -1.000000E+30   -1.000000E+30   -1.000000E+30   -1.000000E+30   -1.000000E+30   -1.000000E+30   -1.000000E+30   -1.000000E+30    6.218129E-01   -1.000000E+30   -1.000000E+30   -1.000000E+30   -1.000000E+30    7.153924E-01    6.990409E-01    6.817920E-01    6.743052E-01    6.833891E-01    7.016618E-01    7.180909E-01    7.280371E-01    7.312411E-01    7.280371E-01    7.180909E-01    7.016618E-01    6.833891E-01    6.743052E-01    6.817920E-01    6.990409E-01    7.153924E-01   -1.000000E+30   -1.000000E+30   -1.000000E+30   -1.000000E+30   -1.000000E+30   -1.000000E+30   -1.000000E+30   -1.000000E+30   -1.000000E+30   -1.000000E+30   -1.000000E+30
  -1.000000E+30   -1.000000E+30   -1.000000E+30   -1.000000E+30   -1.000000E+30   -1.000000E+30   -1.000000E+30   -1.000000E+30   -1.000000E+30   -1.000000E+30   -1.000000E+30   -1.000000E+30   -1.000000E+30   -1.000000E+30   -1.000000E+30   -1.000000E+30   -1.000000E+30   -1.000000E+30   -1.000000E+30   -1.000000E+30   -1.000000E+30   -1.000000E+30   -1.000000E+30   -1.000000E+30   -1.000000E+30   -1.000000E+30   -1.000000E+30   -1.000000E+30   -1.000000E+30   -1.000000E+30   -1.000000E+30   -1.000000E+30   -1.000000E+30   -1.000000E+30   -1.000000E+30   -1.000000E+30   -1.000000E+30   -1.000000E+30   -1.000000E+30   -1.000000E+30   -1.000000E+30   -1.000000E+30   -1.000000E+30   -1.000000E+30   -1.000000E+30   -1.000000E+30    5.485772E-01    7.390014E-01    7.378569E-01    7.353991E-01    7.302145E-01    7.196011E-01    6.990409E-01    6.635395E-01    6.172111E-01    5.925502E-01    6.199857E-01    6.679040E-01    7.034491E-01    7.221212E-01    7.277169E-01    7.221212E-01    7.034491E-01    6.679040E-01    6.199857E-01    5.925502E-01    6.172111E-01    6.635395E-01    6.990409E-01   -1.000000E+30   -1.000000E+30   -1.000000E+30   -1.000000E+30   -1.000000E+30   -1.000000E+30   -1.000000E+30   -1.000000E+30   -1.000000E+30   -1.000000E+30   -1.000000E+30
  -1.000000E+30   -1.000000E+30   -1.000000E+30   -1.000000E+30   -1.000000E+30   -1.000000E+30   -1.000000E+30   -1.000000E+30   -1.000000E+30   -1.000000E+30   -1.000000E+30   -1.000000E+30   -1.000000E+30   -1.000000E+30   -1.000000E+30   -1.000000E+30   -1.000000E+30   -1.000000E+30   -1.000000E+30   -1.000000E+30   -1.000000E+30   -1.000000E+30   -1.000000E+30   -1.000000E+30   -1.000000E+30   -1.000000E+30   -1.000000E+30   -1.000000E+30   -1.000000E+30   -1.000000E+30   -1.000000E+30   -1.000000E+30   -1.000000E+30   -1.000000E+30   -1.000000E+30   -1.000000E+30   -1.000000E+30   -1.000000E+30   -1.000000E+30   -1.000000E+30   -1.000000E+30   -1.000000E+30   -1.000000E+30   -1.000000E+30    4.466870E-01    3.626039E-01    4.466870E-01    7.388628E-01    7.375016E-01    7.344784E-01    7.278004E-01    7.131875E-01    6.817920E-01    6.172111E-01    5.021982E-01    4.094498E-01    5.065878E-01    6.235839E-01    6.880253E-01    7.169232E-01    7.250035E-01    7.169232E-01    6.880253E-01    6.235839E-01    5.065878E-01    4.094498E-01    5.021982E-01    6.172111E-01    6.817920E-01   -1.000000E+30   -1.000000E+30   -1.000000E+30   -1.000000E+30   -1.000000E+30   -1.000000E+30   -1.000000E+30   -1.000000E+30   -1.000000E+30   -1.000000E+30   -1.000000E+30
  -1.000000E+30   -1.000000E+30   -1.000000E+30   -1.000000E+30   -1.000000E+30   -1.000000E+30   -1.000000E+30   -1.000000E+30   -1.000000E+30   -1.000000E+30   -1.000000E+30   -1.000000E+30   -1.000000E+30   -1.000000E+30   -1.000000E+30   -1.000000E+30   -1.000000E+30   -1.000000E+30   -1.000000E+30   -1.000000E+30   -1.000000E+30   -1.000000E+30   -1.000000E+30   -1.000000E+30   -1.000000E+30   -1.000000E+30   -1.000000E+30   -1.000000E+30   -1.000000E+30   -1.000000E+30   -1.000000E+30   -1.000000E+30   -1.000000E+30   -1.000000E+30   -1.000000E+30   -1.000000E+30   -1.000000E+30   -1.000000E+30   -1.000000E+30   -1.000000E+30   -1.000000E+30   -1.000000E+30   -1.000000E+30   -1.000000E+30    3.651361E-01    0.000000E+00    3.651361E-01    7.388277E-01    7.374027E-01    7.341956E-01    7.269794E-01    7.107529E-01    6.743052E-01    5.925502E-01    4.094498E-01    0.000000E+00    4.150474E-01    6.001741E-01    6.816860E-01    7.154174E-01    7.245607E-01    7.154174E-01    6.816860E-01    6.001741E-01    4.150474E-01    0.000000E+00    4.094498E-01    5.925502E-01    6.743052E-01   -1.000000E+30   -1.000000E+30   -1.000000E+30   -1.000000E+30   -1.000000E+30   -1.000000E+30   -1.000000E+30   -1.000000E+30   -1.000000E+30   -1.000000E+30   -1.000000E+30
  -1.000000E+30   -1.000000E+30   -1.000000E+30   -1.000000E+30   -1.000000E+30   -1.000000E+30   -1.000000E+30   -1.000000E+30   -1.000000E+30   -1.000000E+30   -1.000000E+30   -1.000000E+30   -1.000000E+30   -1.000000E+30   -1.000000E+30   -1.000000E+30   -1.000000E+30   -1.000000E+30   -1.000000E+30   -1.000000E+30   -1.000000E+30   -1.000000E+30   -1.000000E+30   -1.000000E+30   -1.000000E+30   -1.000000E+30   -1.000000E+30   -1.000000E+30   -1.000000E+30   -1.000000E+30   -1.000000E+30   -1.000000E+30   -1.000000E+30   -1.000000E+30   -1.000000E+30   -1.000000E+30   -1.000000E+30   -1.000000E+30   -1.000000E+30   -1.000000E+30   -1.000000E+30   -1.000000E+30   -1.000000E+30    5.530204E-01    4.520999E-01    3.692172E-01    4.520999E-01    7.389087E-01    7.376031E-01    7.346946E-01    7.282424E-01    7.140501E-01    6.833891E-01    6.199857E-01    5.065878E-01    4.150474E-01    5.114972E-01    6.272141E-01    6.907010E-01    7.190612E-01    7.269714E-01    7.190612E-01    6.907010E-01    6.272141E-01    5.114972E-01    4.150474E-01    5.065878E-01    6.199857E-01    6.833891E-01    7.140501E-01   -1.000000E+30   -1.000000E+30   -1.000000E+30   -1.000000E+30   -1.000000E+30   -1.000000E+30   -1.000000E+30   -1.000000E+30   -1.000000E+30   -1.000000E+30
  -1.000000E+30   -1.000000E+30   -1.000000E+30   -1.000000E+30   -1.000000E+30   -1.000000E+30   -1.000000E+30   -1.000000E+30   -1.000000E+30   -1.000000E+30   -1.000000E+30   -1.000000E+30   -1.000000E+30   -1.000000E+30   -1.000000E+30   -1.000000E+30   -1.000000E+30   -1.000000E+30   -1.000000E+30   -1.000000E+30   -1.000000E+30   -1.000000E+30   -1.000000E+30   -1.000000E+30   -1.000000E+30   -1.000000E+30   -1.000000E+30   -1.000000E+30   -1.000000E+30   -1.000000E+30   -1.000000E+30   -1.000000E+30   -1.000000E+30   -1.000000E+30   -1.000000E+30   -1.000000E+30   -1.000000E+30   -1.000000E+30   -1.000000E+30   -1.000000E+30   -1.000000E+30   -1.000000E+30    6.256597E-01    5.960295E-01    5.565652E-01    5.346272E-01    5.565652E-01    7.390750E-01    7.380227E-01    7.357571E-01    7.309523E-01    7.210398E-01    7.016618E-01    6.679040E-01    6.235839E-01    6.001741E-01    6.272141E-01    6.737832E-01    7.080590E-01    7.259438E-01    7.312816E-01    7.259438E-01    7.080590E-01    6.737832E-01    6.272141E-01    6.001741E-01    6.235839E-01    6.679040E-01    7.016618E-01    7.210398E-01   -1.000000E+30   -1.000000E+30   -1.000000E+30   -1.000000E+30   -1.000000E+30   -1.000000E+30   -1.000000E+30   -1.000000E+30   -1.000000E+30   -1.000000E+30
  -1.000000E+30   -1.000000E+30   -1.000000E+30   -1.000000E+30   -1.000000E+30   -1.000000E+30   -1.000000E+30   -1.000000E+30   -1.000000E+30   -1.000000E+30   -1.000000E+30   -1.000000E+30   -1.000000E+30   -1.000000E+30   -1.000000E+30   -1.000000E+30   -1.000000E+30   -1.000000E+30   -1.000000E+30   -1.000000E+30   -1.000000E+30   -1.000000E+30   -1.000000E+30   -1.000000E+30   -1.000000E+30   -1.000000E+30   -1.000000E+30   -1.000000E+30   -1.000000E+30   -1.000000E+30   -1.000000E+30   -1.000000E+30   -1.000000E+30   -1.000000E+30   -1.000000E+30   -1.000000E+30   -1.000000E+30   -1.000000E+30   -1.000000E+30   -1.000000E+30   -1.000000E+30   -1.000000E+30   -1.000000E+30    6.279438E-01    6.142774E-01    6.078602E-01    6.142774E-01    7.392647E-01    7.384975E-01    7.369379E-01    7.338594E-01    7.280720E-01    7.180909E-01    7.034491E-01    6.880253E-01    6.816860E-01    6.907010E-01    7.080590E-01    7.234755E-01    7.327474E-01    7.357251E-01    7.327474E-01    7.234755E-01    7.080590E-01    6.907010E-01    6.816860E-01    6.880253E-01    7.034491E-01    7.180909E-01    7.280720E-01    7.338594E-01   -1.000000E+30   -1.000000E+30   -1.000000E+30   -1.000000E+30   -1.000000E+30   -1.000000E+30   -1.000000E+30   -1.000000E+30   -1.000000E+30
  -1.000000E+30   -1.000000E+30   -1.000000E+30   -1.000000E+30   -1.000000E+30   -1.000000E+30   -1.000000E+30   -1.000000E+30   -1.000000E+30   -1.000000E+30   -1.000000E+30   -1.000000E+30   -1.000000E+30   -1.000000E+30   -1.000000E+30   -1.000000E+30   -1.000000E+30   -1.000000E+30   -1.000000E+30   -1.000000E+30   -1.000000E+30   -1.000000E+30   -1.000000E+30   -1.000000E+30   -1.000000E+30   -1.000000E+30   -1.000000E+30   -1.000000E+30   -1.000000E+30   -1.000000E+30   -1.000000E+30   -1.000000E+30   -1.000000E+30   -1.000000E+30   -1.000000E+30   -1.000000E+30   -1.000000E+30   -1.000000E+30   -1.000000E+30   -1.000000E+30   -1.000000E+30   -1.000000E+30    6.495156E-01    6.447499E-01    6.402575E-01    6.383390E-01    6.402575E-01    7.394108E-01    7.388586E-01    7.378156E-01    7.359360E-01    7.327798E-01    7.280371E-01    7.221212E-01    7.169232E-01    7.154174E-01    7.190612E-01    7.259438E-01    7.327474E-01    7.373024E-01    7.388606E-01    7.373024E-01    7.327474E-01    7.259438E-01    7.190612E-01    7.154174E-01    7.169232E-01    7.221212E-01    7.280371E-01    7.327798E-01    7.359360E-01   -1.000000E+30   -1.000000E+30   -1.000000E+30   -1.000000E+30   -1.000000E+30   -1.000000E+30   -1.000000E+30   -1.000000E+30   -1.000000E+30
  -1.000000E+30   -1.000000E+30   -1.000000E+30   -1.000000E+30   -1.000000E+30   -1.000000E+30   -1.000000E+30   -1.000000E+30   -1.000000E+30   -1.000000E+30   -1.000000E+30   -1.000000E+30   -1.000000E+30   -1.000000E+30   -1.000000E+30   -1.000000E+30   -1.000000E+30   -1.000000E+30   -1.000000E+30   -1.000000E+30   -1.000000E+30   -1.000000E+30   -1.000000E+30   -1.000000E+30   -1.000000E+30   -1.000000E+30   -1.000000E+30   -1.000000E+30   -1.000000E+30   -1.000000E+30   -1.000000E+30   -1.000000E+30   -1.000000E+30   -1.000000E+30   -1.000000E+30   -1.000000E+30   -1.000000E+30   -1.000000E+30   -1.000000E+30   -1.000000E+30   -1.000000E+30    6.546821E-01    6.524381E-01    6.498080E-01    6.475458E-01    6.466329E-01    6.475458E-01    7.394652E-01    7.389920E-01    7.381347E-01    7.366724E-01    7.343852E-01    7.312411E-01    7.277169E-01    7.250035E-01    7.245607E-01    7.269714E-01    7.312816E-01    7.357251E-01    7.388606E-01    7.399688E-01    7.388606E-01    7.357251E-01    7.312816E-01    7.269714E-01    7.245607E-01    7.250035E-01    7.277169E-01    7.312411E-01    7.343852E-01    7.366724E-01   -1.000000E+30   -1.000000E+30   -1.000000E+30   -1.000000E+30   -1.000000E+30   -1.000000E+30   -1.000000E+30   -1.000000E+30   -1.000000E+30
  -1.000000E+30   -1.000000E+30   -1.000000E+30   -1.000000E+30   -1.000000E+30   -1.000000E+30   -1.000000E+30   -1.000000E+30   -1.000000E+30   -1.000000E+30   -1.000000E+30   -1.000000E+30   -1.000000E+30   -1.000000E+30   -1.000000E+30   -1.000000E+30   -1.000000E+30   -1.000000E+30   -1.000000E+30   -1.000000E+30   -1.000000E+30   -1.000000E+30   -1.000000E+30   -1.000000E+30   -1.000000E+30   -1.000000E+30   -1.000000E+30   -1.000000E+30   -1.000000E+30   -1.000000E+30   -1.000000E+30   -1.000000E+30   -1.000000E+30   -1.000000E+30   -1.000000E+30   -1.000000E+30   -1.000000E+30   -1.000000E+30   -1.000000E+30   -1.000000E+30   -1.000000E+30    6.532681E-01    6.495881E-01    6.448003E-01    6.402744E-01    6.383390E-01    6.402744E-01    7.394108E-01    7.388586E-01    7.378156E-01    7.359360E-01    7.327798E-01    7.280371E-01    7.221212E-01    7.169232E-01    7.154174E-01    7.190612E-01    7.259438E-01    7.327474E-01    7.373024E-01    7.388606E-01    7.373024E-01    7.327474E-01    7.259438E-01    7.190612E-01    7.154174E-01    7.169232E-01    7.221212E-01    7.280371E-01    7.327798E-01   -1.000000E+30   -1.000000E+30   -1.000000E+30   -1.000000E+30   -1.000000E+30   -1.000000E+30   -1.000000E+30   -1.000000E+30   -1.000000E+30   -1.000000E+30
  -1.000000E+30   -1.000000E+30   -1.000000E+30   -1.000000E+30   -1.000000E+30   -1.000000E+30   -1.000000E+30   -1.000000E+30   -1.000000E+30   -1.000000E+30   -1.000000E+30   -1.000000E+30   -1.000000E+30   -1.000000E+30   -1.000000E+30   -1.000000E+30   -1.000000E+30   -1.000000E+30   -1.000000E+30   -1.000000E+30   -1.000000E+30   -1.000000E+30   -1.000000E+30   -1.000000E+30   -1.000000E+30   -1.000000E+30   -1.000000E+30   -1.000000E+30   -1.000000E+30   -1.000000E+30   -1.000000E+30   -1.000000E+30   -1.000000E+30   -1.000000E+30   -1.000000E+30   -1.000000E+30   -1.000000E+30   -1.000000E+30   -1.000000E+30   -1.000000E+30    6.537979E-01    6.490797E-01    6.407109E-01    6.280950E-01    6.143323E-01    6.078602E-01    7.396352E-01    7.392647E-01    7.384975E-01    7.369379E-01    7.338594E-01    7.280720E-01    7.180909E-01    7.034491E-01    6.880253E-01    6.816860E-01    6.907010E-01    7.080590E-01    7.234755E-01    7.327474E-01    7.357251E-01    7.327474E-01    7.234755E-01    7.080590E-01    6.907010E-01    6.816860E-01    6.880253E-01    7.034491E-01    7.180909E-01    7.280720E-01   -1.000000E+30   -1.000000E+30   -1.000000E+30   -1.000000E+30   -1.000000E+30   -1.000000E+30   -1.000000E+30   -1.000000E+30   -1.000000E+30   -1.000000E+30
  -1.000000E+30   -1.000000E+30   -1.000000E+30   -1.000000E+30   -1.000000E+30   -1.000000E+30   -1.000000E+30   -1.000000E+30   -1.000000E+30   -1.000000E+30   -1.000000E+30   -1.000000E+30   -1.000000E+30   -1.000000E+30   -1.000000E+30   -1.000000E+30   -1.000000E+30   -1.000000E+30   -1.000000E+30   -1.000000E+30   -1.000000E+30   -1.000000E+30   -1.000000E+30   -1.000000E+30   -1.000000E+30   -1.000000E+30   -1.000000E+30   -1.000000E+30   -1.000000E+30   -1.000000E+30   -1.000000E+30   -1.000000E+30   -1.000000E+30   -1.000000E+30   -1.000000E+30   -1.000000E+30   -1.000000E+30   -1.000000E+30   -1.000000E+30   -1.000000E+30    6.512475E-01    6.428679E-01    6.261323E-01    5.964433E-01    5.567410E-01    5.346272E-01    7.395598E-01    7.390750E-01    7.380227E-01    7.357571E-01    7.309523E-01    7.210398E-01    7.016618E-01    6.679040E-01    6.235839E-01    6.001741E-01    6.272141E-01    6.737832E-01    7.080590E-01    7.259438E-01    7.312816E-01    7.259438E-01    7.080590E-01    6.737832E-01    6.272141E-01    6.001741E-01    6.235839E-01    6.679040E-01    7.016618E-01    7.210398E-01   -1.000000E+30   -1.000000E+30   -1.000000E+30   -1.000000E+30   -1.000000E+30   -1.000000E+30   -1.000000E+30   -1.000000E+30   -1.000000E+30   -1.000000E+30
  -1.000000E+30   -1.000000E+30   -1.000000E+30   -1.000000E+30   -1.000000E+30   -1.000000E+30   -1.000000E+30   -1.000000E+30   -1.000000E+30   -1.000000E+30   -1.000000E+30   -1.000000E+30   -1.000000E+30   -1.000000E+30   -1.000000E+30   -1.000000E+30   -1.000000E+30   -1.000000E+30   -1.000000E+30   -1.000000E+30   -1.000000E+30   -1.000000E+30   -1.000000E+30   -1.000000E+30   -1.000000E+30   -1.000000E+30   -1.000000E+30   -1.000000E+30   -1.000000E+30   -1.000000E+30   -1.000000E+30   -1.000000E+30   -1.000000E+30   -1.000000E+30   -1.000000E+30   -1.000000E+30   -1.000000E+30   -1.000000E+30   -1.000000E+30   -1.000000E+30    6.489339E-01    6.368153E-01    6.101334E-01    5.541284E-01    4.527436E-01    3.692172E-01    7.394938E-01    7.389087E-01    7.376031E-01    7.346946E-01    7.282424E-01    7.140501E-01    6.833891E-01    6.199857E-01    5.065878E-01    4.150474E-01    5.114972E-01    6.272141E-01    6.907010E-01    7.190612E-01    7.269714E-01    7.190612E-01    6.907010E-01    6.272141E-01    5.114972E-01    4.150474E-01    5.065878E-01    6.199857E-01    6.833891E-01   -1.000000E+30   -1.000000E+30   -1.000000E+30   -1.000000E+30   -1.000000E+30   -1.000000E+30   -1.000000E+30   -1.000000E+30   -1.000000E+30   -1.000000E+30   -1.000000E+30
  -1.000000E+30   -1.000000E+30   -1.000000E+30   -1.000000E+30   -1.000000E+30   -1.000000E+30   -1.000000E+30   -1.000000E+30   -1.000000E+30   -1.000000E+30   -1.000000E+30   -1.000000E+30   -1.000000E+30   -1.000000E+30   -1.000000E+30   -1.000000E+30   -1.000000E+30   -1.000000E+30   -1.000000E+30   -1.000000E+30   -1.000000E+30   -1.000000E+30   -1.000000E+30   -1.000000E+30   -1.000000E+30   -1.000000E+30   -1.000000E+30   -1.000000E+30   -1.000000E+30   -1.000000E+30   -1.000000E+30   -1.000000E+30   -1.000000E+30   -1.000000E+30   -1.000000E+30   -1.000000E+30   -1.000000E+30   -1.000000E+30   -1.000000E+30   -1.000000E+30   -1.000000E+30    6.342140E-01    6.026511E-01    5.307195E-01    3.676865E-01    0.000000E+00    5.204170E-18    7.388277E-01    7.374027E-01    7.341956E-01    7.269794E-01    7.107529E-01    6.743052E-01    5.925502E-01    4.094498E-01    0.000000E+00    4.150474E-01    6.001741E-01    6.816860E-01    7.154174E-01    7.245607E-01    7.154174E-01    6.816860E-01    6.001741E-01    4.150474E-01    0.000000E+00    4.094498E-01    5.925502E-01   -1.000000E+30   -1.000000E+30   -1.000000E+30   -1.000000E+30   -1.000000E+30   -1.000000E+30   -1.000000E+30   -1.000000E+30   -1.000000E+30   -1.000000E+30   -1.000000E+30   -1.000000E+30
  -1.000000E+30   -1.000000E+30   -1.000000E+30   -1.000000E+30   -1.000000E+30   -1.000000E+30   -1.000000E+30   -1.000000E+30   -1.000000E+30   -1.000000E+30   -1.000000E+30   -1.000000E+30   -1.000000E+30   -1.000000E+30   -1.000000E+30   -1.000000E+30   -1.000000E+30   -1.000000E+30   -1.000000E+30   -1.000000E+30   -1.000000E+30   -1.000000E+30   -1.000000E+30   -1.000000E+30   -1.000000E+30   -1.000000E+30   -1.000000E+30   -1.000000E+30   -1.000000E+30   -1.000000E+30   -1.000000E+30   -1.000000E+30   -1.000000E+30   -1.000000E+30   -1.000000E+30   -1.000000E+30   -1.000000E+30   -1.000000E+30   -1.000000E+30   -1.000000E+30   -1.000000E+30   -1.000000E+30    6.101334E-01    5.541284E-01    4.527436E-01    3.692172E-01   -3.989864E-17    7.388628E-01    7.375016E-01    7.344784E-01    7.278004E-01    7.131875E-01    6.817920E-01    6.172111E-01    5.021982E-01    4.094498E-01    5.065878E-01    6.235839E-01    6.880253E-01    7.169232E-01    7.250035E-01    7.169232E-01    6.880253E-01    6.235839E-01    5.065878E-01    4.094498E-01    5.021982E-01   -1.000000E+30   -1.000000E+30   -1.000000E+30   -1.000000E+30   -1.000000E+30   -1.000000E+30   -1.000000E+30   -1.000000E+30   -1.000000E+30   -1.000000E+30   -1.000000E+30   -1.000000E+30   -1.000000E+30
  -1.000000E+30   -1.000000E+30   -1.000000E+30   -1.000000E+30   -1.000000E+30   -1.000000E+30   -1.000000E+30   -1.000000E+30   -1.000000E+30   -1.000000E+30   -1.000000E+30   -1.000000E+30   -1.000000E+30   -1.000000E+30   -1.000000E+30   -1.000000E+30   -1.000000E+30   -1.000000E+30   -1.000000E+30   -1.000000E+30   -1.000000E+30   -1.000000E+30   -1.000000E+30   -1.000000E+30   -1.000000E+30   -1.000000E+30   -1.000000E+30   -1.000000E+30   -1.000000E+30   -1.000000E+30   -1.000000E+30   -1.000000E+30   -1.000000E+30   -1.000000E+30   -1.000000E+30   -1.000000E+30   -1.000000E+30   -1.000000E+30   -1.000000E+30   -1.000000E+30   -1.000000E+30   -1.000000E+30   -1.000000E+30    5.964433E-01    5.567410E-01    5.346272E-01    5.567410E-01    7.390014E-01    7.378569E-01    7.353991E-01    7.302145E-01    7.196011E-01    6.990409E-01    6.635395E-01    6.172111E-01    5.925502E-01    6.199857E-01    6.679040E-01    7.034491E-01    7.221212E-01    7.277169E-01    7.221212E-01    7.034491E-01    6.679040E-01    6.199857E-01    5.925502E-01   -1.000000E+30   -1.000000E+30   -1.000000E+30   -1.000000E+30   -1.000000E+30   -1.000000E+30   -1.000000E+30   -1.000000E+30   -1.000000E+30   -1.000000E+30   -1.000000E+30   -1.000000E+30   -1.000000E+30   -1.000000E+30
  -1.000000E+30   -1.000000E+30   -1.000000E+30   -1.000000E+30   -1.000000E+30   -1.000000E+30   -1.000000E+30   -1.000000E+30   -1.000000E+30   -1.000000E+30   -1.000000E+30   -1.000000E+30   -1.000000E+30   -1.000000E+30   -1.000000E+30   -1.000000E+30   -1.000000E+30   -1.000000E+30   -1.000000E+30   -1.000000E+30   -1.000000E+30   -1.000000E+30   -1.000000E+30   -1.000000E+30   -1.000000E+30   -1.000000E+30   -1.000000E+30   -1.000000E+30   -1.000000E+30   -1.000000E+30   -1.000000E+30   -1.000000E+30   -1.000000E+30   -1.000000E+30   -1.000000E+30   -1.000000E+30   -1.000000E+30   -1.000000E+30   -1.000000E+30   -1.000000E+30   -1.000000E+30   -1.000000E+30   -1.000000E+30    6.280950E-01    6.143323E-01    6.078602E-01    6.143323E-01    7.391996E-01    7.383422E-01    7.365875E-01    7.331142E-01    7.265923E-01    7.153924E-01    6.990409E-01    6.817920E-01    6.743052E-01    6.833891E-01    7.016618E-01    7.180909E-01    7.280371E-01    7.312411E-01    7.280371E-01    7.180909E-01    7.016618E-01    6.833891E-01   -1.000000E+30   -1.000000E+30   -1.000000E+30   -1.000000E+30   -1.000000E+30   -1.000000E+30   -1.000000E+30   -1.000000E+30   -1.000000E+30   -1.000000E+30   -1.000000E+30   -1.000000E+30   -1.000000E+30   -1.000000E+30   -1.000000E+30
  -1.000000E+30   -1.000000E+30   -1.000000E+30   -1.000000E+30   -1.000000E+30   -1.000000E+30   -1.000000E+30   -1.000000E+30   -1.000000E+30   -1.000000E+30   -1.000000E+30   -1.000000E+30   -1.000000E+30   -1.000000E+30   -1.000000E+30   -1.000000E+30   -1.000000E+30   -1.000000E+30   -1.000000E+30   -1.000000E+30   -1.000000E+30   -1.000000E+30   -1.000000E+30   -1.000000E+30   -1.000000E+30   -1.000000E+30   -1.000000E+30   -1.000000E+30   -1.000000E+30   -1.000000E+30   -1.000000E+30   -1.000000E+30   -1.000000E+30   -1.000000E+30   -1.000000E+30   -1.000000E+30   -1.000000E+30   -1.000000E+30   -1.000000E+30   -1.000000E+30   -1.000000E+30   -1.000000E+30   -1.000000E+30    6.448003E-01    6.402744E-01    6.383390E-01    6.402744E-01    6.448003E-01    7.388257E-01    7.377009E-01    7.356262E-01    7.320634E-01    7.265923E-01    7.196011E-01    7.131875E-01    7.107529E-01    7.140501E-01    7.210398E-01    7.280720E-01    7.327798E-01    7.343852E-01    7.327798E-01    7.280720E-01    0.000000E+00    4.857226E-17   -1.000000E+30   -1.000000E+30   -1.000000E+30   -1.000000E+30   -1.000000E+30   -1.000000E+30   -1.000000E+30   -1.000000E+30   -1.000000E+30   -1.000000E+30   -1.000000E+30   -1.000000E+30   -1.000000E+30   -1.000000E+30   -1.000000E+30
  -1.000000E+30   -1.000000E+30   -1.000000E+30   -1.000000E+30   -1.000000E+30   -1.000000E+30   -1.000000E+30   -1.000000E+30   -1.000000E+30   -1.000000E+30   -1.000000E+30   -1.000000E+30   -1.000000E+30   -1.000000E+30   -1.000000E+30   -1.000000E+30   -1.000000E+30   -1.000000E+30   -1.000000E+30   -1.000000E+30   -1.000000E+30   -1.000000E+30   -1.000000E+30   -1.000000E+30   -1.000000E+30   -1.000000E+30   -1.000000E+30   -1.000000E+30   -1.000000E+30   -1.000000E+30   -1.000000E+30   -1.000000E+30   -1.000000E+30   -1.000000E+30   -1.000000E+30   -2.775558E-17    5.551115E-17   -1.387779E-17   -1.000000E+30   -1.000000E+30   -1.000000E+30   -1.000000E+30    6.524381E-01    6.498080E-01    6.475458E-01    6.466329E-01    6.475458E-01    6.498080E-01    6.524381E-01    7.385632E-01    7.374251E-01    7.356262E-01    7.331142E-01    7.302145E-01    7.278004E-01    7.269794E-01    7.282424E-01    7.309523E-01    7.338594E-01    0.000000E+00    2.081668E-17    4.163336E-17   -3.469447E-17    6.938894E-18   -1.000000E+30   -1.000000E+30   -1.000000E+30   -1.000000E+30   -1.000000E+30   -1.000000E+30   -1.000000E+30   -1.000000E+30   -1.000000E+30   -1.000000E+30   -1.000000E+30   -1.000000E+30   -1.000000E+30   -1.000000E+30   -1.000000E+30   -1.000000E+30
