    23    23     1
 1.46115e-12  1.12332e-11  9.56919e-14 -2.37609e-12 -4.26366e-11 -4.92014e-12 -2.20108e-13  -1.2342e-12  -2.0216e-13  5.93739e-13  1.97966e-12  1.25508e-12  2.20172e-13  8.27749e-12 -1.09979e-11 -3.71131e-14 -3.62627e-14  -3.4446e-13  1.88962e-12  1.34776e-13 -3.94674e-13 -1.19169e-12 -3.31528e-13
 1.12332e-11  2.06241e-08 -4.46887e-11 -1.17816e-10  3.54864e-10  5.99195e-10 -2.22661e-11 -2.41112e-10   1.9366e-11  -3.8686e-10 -1.08119e-10  1.54151e-10    5.805e-11 -2.18495e-10   2.3721e-10  2.48269e-11 -8.68912e-11  8.94087e-11 -3.36442e-10  4.51606e-12  2.79749e-11 -3.44961e-10   3.7903e-10
 9.56919e-14 -4.46887e-11  6.22925e-13  1.82705e-12 -5.29886e-12 -8.00531e-12 -5.67811e-13  6.06808e-15 -1.40989e-12   4.2253e-12 -1.26976e-12  -7.8679e-13 -1.55733e-13  1.89422e-12  2.20355e-12 -1.68621e-13  3.60204e-13 -2.01981e-12 -3.59687e-12  4.03499e-14  3.71918e-13  7.28115e-13 -9.14813e-13
-2.37609e-12 -1.17816e-10  1.82705e-12  3.40422e-11   1.0011e-10 -2.69129e-11  5.49577e-13 -4.30251e-12 -1.45794e-11  1.85845e-11 -3.33436e-11 -1.66568e-12 -5.23843e-12  -3.1588e-12  7.09069e-11  4.79491e-15  1.10174e-12 -1.18101e-11 -7.84323e-11 -9.09263e-13  5.16571e-12   1.3073e-11  1.09211e-11
-4.26366e-11  3.54864e-10 -5.29886e-12   1.0011e-10  1.49443e-06 -4.81209e-10 -4.25373e-11  1.57862e-10 -1.67328e-09    6.036e-10  -8.0704e-10  -3.6828e-11 -2.17657e-11  3.54274e-10  2.44363e-09  1.12569e-11 -2.47687e-12  -9.9926e-12 -2.49566e-09  1.57387e-11  4.99012e-11 -4.41447e-10  5.75324e-11
-4.92014e-12  5.99195e-10 -8.00531e-12 -2.69129e-11 -4.81209e-10  5.25939e-10  1.95862e-11 -2.01001e-11  2.85694e-12 -2.10146e-10  5.03767e-11  1.58389e-11  1.15964e-11 -6.05937e-11 -4.06506e-11  1.74137e-12 -7.83457e-12  2.45939e-11  1.02721e-10 -1.57468e-12 -2.87485e-12  3.57142e-12  5.48365e-12
-2.20108e-13 -2.22661e-11 -5.67811e-13  5.49577e-13 -4.25373e-11  1.95862e-11  3.15736e-12 -4.71783e-13 -3.36708e-13 -1.19755e-11  3.43636e-12  2.55284e-12 -4.59895e-13  2.74348e-12 -1.18791e-11 -1.02295e-13 -2.47342e-13 -7.83781e-13  6.89031e-12   3.6869e-13 -6.91167e-13  2.79019e-12  3.22408e-12
 -1.2342e-12 -2.41112e-10  6.06808e-15 -4.30251e-12  1.57862e-10 -2.01001e-11 -4.71783e-13  2.67027e-11  8.05576e-12 -7.94585e-12  8.61624e-12  4.48598e-12 -2.18383e-12 -1.25573e-11  4.22408e-13  1.95023e-13  4.39139e-13  2.22494e-12  2.18586e-11  9.57364e-13 -2.55784e-12  1.30715e-11  7.60784e-13
 -2.0216e-13   1.9366e-11 -1.40989e-12 -1.45794e-11 -1.67328e-09  2.85694e-12 -3.36708e-13  8.05576e-12  1.26363e-09  1.98672e-11  2.19532e-12  4.50467e-12    3.527e-12 -1.97601e-12 -1.51217e-11    1.178e-12  1.38946e-13  1.04331e-11  1.31553e-10 -7.95337e-12 -1.66937e-12 -1.64448e-11 -7.42772e-12
 5.93739e-13  -3.8686e-10   4.2253e-12  1.85845e-11    6.036e-10 -2.10146e-10 -1.19755e-11 -7.94585e-12  1.98672e-11  2.91696e-10 -1.54014e-10 -1.33779e-11 -2.95973e-13  2.83804e-11  8.20526e-12  9.42643e-13  9.52819e-12 -1.63442e-11 -8.33146e-11 -1.74233e-11  8.82126e-12 -1.38866e-11 -4.36335e-11
 1.97966e-12 -1.08119e-10 -1.26976e-12 -3.33436e-11  -8.0704e-10  5.03767e-11  3.43636e-12  8.61624e-12  2.19532e-12 -1.54014e-10  2.69132e-10 -4.35067e-12  4.84641e-12 -3.10778e-11 -5.82166e-11 -4.38873e-12 -2.78291e-12  3.00598e-11  3.73293e-10  2.46823e-11 -9.59331e-12 -8.52699e-12  2.31822e-12
 1.25508e-12  1.54151e-10  -7.8679e-13 -1.66568e-12  -3.6828e-11  1.58389e-11  2.55284e-12  4.48598e-12  4.50467e-12 -1.33779e-11 -4.35067e-12  3.53442e-11  4.44656e-13  3.54229e-12 -2.49299e-11  8.51907e-13 -1.02073e-12 -4.85291e-13   4.4294e-12 -1.77666e-12 -1.84348e-12 -1.22983e-12  3.20587e-12
 2.20172e-13    5.805e-11 -1.55733e-13 -5.23843e-12 -2.17657e-11  1.15964e-11 -4.59895e-13 -2.18383e-12    3.527e-12 -2.95973e-13  4.84641e-12  4.44656e-13  3.09398e-12  6.75511e-13 -1.07098e-11  2.43309e-13 -3.45429e-13  2.06276e-12   1.9262e-11 -1.29087e-12  1.03279e-12 -1.02441e-11 -7.69866e-12
 8.27749e-12 -2.18495e-10  1.89422e-12  -3.1588e-12  3.54274e-10 -6.05937e-11  2.74348e-12 -1.25573e-11 -1.97601e-12  2.83804e-11 -3.10778e-11  3.54229e-12  6.75511e-13    8.517e-10  -5.9726e-12 -1.18803e-13 -7.96536e-13 -1.70756e-11 -7.20478e-11 -1.62059e-12  6.39601e-12 -1.86243e-11  1.00721e-11
-1.09979e-11   2.3721e-10  2.20355e-12  7.09069e-11  2.44363e-09 -4.06506e-11 -1.18791e-11  4.22408e-13 -1.51217e-11  8.20526e-12 -5.82166e-11 -2.49299e-11 -1.07098e-11  -5.9726e-12  8.85511e-10  3.51452e-12 -2.74356e-13  1.80749e-13 -4.87838e-11 -1.05156e-11   2.6311e-11   4.7338e-11  2.56953e-11
-3.71131e-14  2.48269e-11 -1.68621e-13  4.79491e-15  1.12569e-11  1.74137e-12 -1.02295e-13  1.95023e-13    1.178e-12  9.42643e-13 -4.38873e-12  8.51907e-13  2.43309e-13 -1.18803e-13  3.51452e-12  6.04449e-13 -3.26725e-13  3.28328e-13 -2.39215e-12 -1.63728e-12  4.44154e-13  -1.1548e-12 -8.97573e-13
-3.62627e-14 -8.68912e-11  3.60204e-13  1.10174e-12 -2.47687e-12 -7.83457e-12 -2.47342e-13  4.39139e-13  1.38946e-13  9.52819e-12 -2.78291e-12 -1.02073e-12 -3.45429e-13 -7.96536e-13 -2.74356e-13 -3.26725e-13  1.68602e-12 -5.91867e-13  1.75475e-12 -4.47647e-13 -1.31632e-14  1.61845e-12 -6.37936e-12
 -3.4446e-13  8.94087e-11 -2.01981e-12 -1.18101e-11  -9.9926e-12  2.45939e-11 -7.83781e-13  2.22494e-12  1.04331e-11 -1.63442e-11  3.00598e-11 -4.85291e-13  2.06276e-12 -1.70756e-11  1.80749e-13  3.28328e-13 -5.91867e-13  2.66039e-11  5.76437e-11  1.01255e-13 -1.29908e-12 -6.52819e-12 -3.21005e-12
 1.88962e-12 -3.36442e-10 -3.59687e-12 -7.84323e-11 -2.49566e-09  1.02721e-10  6.89031e-12  2.18586e-11  1.31553e-10 -8.33146e-11  3.73293e-10   4.4294e-12   1.9262e-11 -7.20478e-11 -4.87838e-11 -2.39215e-12  1.75475e-12  5.76437e-11  1.43903e-09 -1.60413e-11 -1.08571e-11 -3.25705e-11 -3.50804e-11
 1.34776e-13  4.51606e-12  4.03499e-14 -9.09263e-13  1.57387e-11 -1.57468e-12   3.6869e-13  9.57364e-13 -7.95337e-12 -1.74233e-11  2.46823e-11 -1.77666e-12 -1.29087e-12 -1.62059e-12 -1.05156e-11 -1.63728e-12 -4.47647e-13  1.01255e-13 -1.60413e-11  8.66956e-12 -2.02869e-12  4.47918e-12  6.49998e-12
-3.94674e-13  2.79749e-11  3.71918e-13  5.16571e-12  4.99012e-11 -2.87485e-12 -6.91167e-13 -2.55784e-12 -1.66937e-12  8.82126e-12 -9.59331e-12 -1.84348e-12  1.03279e-12  6.39601e-12   2.6311e-11  4.44154e-13 -1.31632e-14 -1.29908e-12 -1.08571e-11 -2.02869e-12  3.99245e-12 -3.13602e-12 -3.78957e-12
-1.19169e-12 -3.44961e-10  7.28115e-13   1.3073e-11 -4.41447e-10  3.57142e-12  2.79019e-12  1.30715e-11 -1.64448e-11 -1.38866e-11 -8.52699e-12 -1.22983e-12 -1.02441e-11 -1.86243e-11   4.7338e-11  -1.1548e-12  1.61845e-12 -6.52819e-12 -3.25705e-11  4.47918e-12 -3.13602e-12   9.5619e-11  1.76294e-11
-3.31528e-13   3.7903e-10 -9.14813e-13  1.09211e-11  5.75324e-11  5.48365e-12  3.22408e-12  7.60784e-13 -7.42772e-12 -4.36335e-11  2.31822e-12  3.20587e-12 -7.69866e-12  1.00721e-11  2.56953e-11 -8.97573e-13 -6.37936e-12 -3.21005e-12 -3.50804e-11  6.49998e-12 -3.78957e-12  1.76294e-11  9.48029e-11
* row and column names
HANIYES
KVOLC
HANINO
HANITRF
SYALL
VANI1
KCGSV
VANI2
SSALL
VANI3
VANI4
KNW
KSDFM
KINTR
KSDMCWEST
KSDM
KSDMC
KAXIAL1
KALLUV
KAXIAL2
KSDEO
KSILTS
KPDMT
